1016472
1017435
1017732
1027574
1029312
1030523
1037349
1045588
1050599
1053613
1066557
1067768
1069802
1070357
1080224
1086044
1089959
1093430
1099953
1103441
1109660
1122530
1173774
1175805
1177290
1180982
1181420
1189621
1195818
121689
1219927
1229990
1235574
1281379
1295544
1319334
1372554
1418518
1418780
1424602
1430387
1436654
231483
278135
312573
332436
334466
347111
364938
373286
385427
396096
396839
400859
402680
410742
414667
422600
437975
440987
452412
459149
461744
462614
475646
514938
519495
526158
532384
540867
560578
572865
575330
576489
580867
584575
610059
619365
637706
646107
646336
655770
660238
661621
664182
666235
666253
679369
680350
681714
683341
686464
687943
690687
693727
701251
705038
708478
714329
720223
723446
723819
724120
725159
726747
729191
735860
741768
742961
748013
750166
751773
761881
780943
783399
793104
797169
798509
801080
825377
828753
829296
829940
831385
835219
844351
850445
855669
877821
878907
886458
888833
890412
893725
902346
904067
908637
918004
919884
920466
934243
940457
947162
964680
985066
986100
986213
999260
